1.000000000000000000e+00 1.259999999999977718e-03
9.989726963751681676e-01 1.404049341658639193e-03
9.958950069116230264e-01 1.834511703315611086e-03
9.907795784955326646e-01 2.546378519492592356e-03
9.836474315195147256e-01 3.531460358648793978e-03
9.745278735053343189e-01 4.778613096363162373e-03
9.634583786730108734e-01 6.274033209535481888e-03
9.504844339512095175e-01 8.001602738627574055e-03
9.356593520616945936e-01 9.943261463357904242e-03
9.190440524459202454e-01 1.207938249966969066e-02
9.007068109339781969e-01 1.438912796226525688e-02
8.807229791845671008e-01 1.685076353039901761e-02
8.591746750488638007e-01 1.944191456085489489e-02
8.361504451306582819e-01 2.213975154913568402e-02
8.117449009293666862e-01 2.492109888526709144e-02
7.860583300610847202e-01 2.776246754545427103e-02
7.591962841552625241e-01 3.064001911992698252e-02
7.312691451204175186e-01 3.352947490246827034e-02
7.023916715611968620e-01 3.640598918170703802e-02
6.726825272106538023e-01 3.924400995674490883e-02
6.422637933155161960e-01 4.201715271379912603e-02
6.112604669781571687e-01 4.469811341996004356e-02
5.797999475166895067e-01 4.725864541609540309e-02
5.480115129538407626e-01 4.966962146125834809e-02
5.160257887858274994e-01 5.190119697027254647e-02
4.839742112141723340e-01 5.392308379660042811e-02
4.519884870461590709e-01 5.570493615594077769e-02
4.202000524833103268e-01 5.721684195820610913e-02
3.887395330218427758e-01 5.842990446522904058e-02
3.577362066844836930e-01 5.931689138456280874e-02
3.273174727893460867e-01 5.985292179191054746e-02
2.976083284388030270e-01 6.001615613545388528e-02
2.687308548795823149e-01 5.978845141434716015e-02
2.408037158447374204e-01 5.915594272291784667e-02
2.139416699389151688e-01 5.810951385531747115e-02
1.882550990706332028e-01 5.664512356573905838e-02
1.638495548693415516e-01 5.476396021719794754e-02
1.408253249511361438e-01 5.247240562202701297e-02
1.192770208154327882e-01 4.978179844561356204e-02
9.929318906602163652e-02 4.670799807385356273e-02
8.095594755407964360e-02 4.327076072521184730e-02
6.434064793830529538e-02 3.949295017664457286e-02
4.951556604879042700e-02 3.539961513073343335e-02
3.654162132698912657e-02 3.101697338598820644e-02
2.547212649466568113e-02 2.637134907255762883e-02
1.635256848048527445e-02 2.148811288557696264e-02
9.220421504467335438e-03 1.639067623258402481e-02
4.104993088376918120e-03 1.109958841187559143e-02
1.027303624831832352e-03 5.631781422233348745e-03
0.000000000000000000e+00 0.000000000000000000e+00
1.027303624831832352e-03 -5.631781422233348745e-03
4.104993088376918120e-03 -1.109958841187559143e-02
9.220421504467335438e-03 -1.639067623258402481e-02
1.635256848048527445e-02 -2.148811288557696264e-02
2.547212649466568113e-02 -2.637134907255762883e-02
3.654162132698912657e-02 -3.101697338598820644e-02
4.951556604879042700e-02 -3.539961513073343335e-02
6.434064793830529538e-02 -3.949295017664457286e-02
8.095594755407964360e-02 -4.327076072521184730e-02
9.929318906602163652e-02 -4.670799807385356273e-02
1.192770208154327882e-01 -4.978179844561356204e-02
1.408253249511361438e-01 -5.247240562202701297e-02
1.638495548693415516e-01 -5.476396021719794754e-02
1.882550990706332028e-01 -5.664512356573905838e-02
2.139416699389151688e-01 -5.810951385531747115e-02
2.408037158447374204e-01 -5.915594272291784667e-02
2.687308548795823149e-01 -5.978845141434716015e-02
2.976083284388030270e-01 -6.001615613545388528e-02
3.273174727893460867e-01 -5.985292179191054746e-02
3.577362066844836930e-01 -5.931689138456280874e-02
3.887395330218427758e-01 -5.842990446522904058e-02
4.202000524833103268e-01 -5.721684195820610913e-02
4.519884870461590709e-01 -5.570493615594077769e-02
4.839742112141723340e-01 -5.392308379660042811e-02
5.160257887858274994e-01 -5.190119697027254647e-02
5.480115129538407626e-01 -4.966962146125834809e-02
5.797999475166895067e-01 -4.725864541609540309e-02
6.112604669781571687e-01 -4.469811341996004356e-02
6.422637933155161960e-01 -4.201715271379912603e-02
6.726825272106538023e-01 -3.924400995674490883e-02
7.023916715611968620e-01 -3.640598918170703802e-02
7.312691451204175186e-01 -3.352947490246827034e-02
7.591962841552625241e-01 -3.064001911992698252e-02
7.860583300610847202e-01 -2.776246754545427103e-02
8.117449009293666862e-01 -2.492109888526709144e-02
8.361504451306582819e-01 -2.213975154913568402e-02
8.591746750488638007e-01 -1.944191456085489489e-02
8.807229791845671008e-01 -1.685076353039901761e-02
9.007068109339781969e-01 -1.438912796226525688e-02
9.190440524459202454e-01 -1.207938249966969066e-02
9.356593520616945936e-01 -9.943261463357904242e-03
9.504844339512095175e-01 -8.001602738627574055e-03
9.634583786730108734e-01 -6.274033209535481888e-03
9.745278735053343189e-01 -4.778613096363162373e-03
9.836474315195147256e-01 -3.531460358648793978e-03
9.907795784955326646e-01 -2.546378519492592356e-03
9.958950069116230264e-01 -1.834511703315611086e-03
9.989726963751681676e-01 -1.404049341658639193e-03
1.000000000000000000e+00 -1.259999999999977718e-03
