0.999975 -0.000051
0.982520 0.006854
0.963117 0.013190
0.942445 0.019243
0.921428 0.024959
0.900077 0.030447
0.878398 0.035829
0.856514 0.041207
0.834706 0.046628
0.812776 0.052119
0.790942 0.057552
0.769235 0.062845
0.747644 0.067932
0.726157 0.072749
0.704763 0.077235
0.683439 0.081334
0.662055 0.085041
0.640581 0.088372
0.619019 0.091339
0.597376 0.093954
0.575656 0.096231
0.553865 0.098181
0.532007 0.099817
0.510089 0.101153
0.488123 0.102200
0.466161 0.102956
0.444215 0.103410
0.422293 0.103551
0.400403 0.103367
0.378550 0.102849
0.356742 0.101985
0.334985 0.100764
0.313287 0.099177
0.291654 0.097211
0.270092 0.094858
0.248607 0.092106
0.227206 0.088946
0.205894 0.085366
0.184677 0.081358
0.163561 0.076910
0.142558 0.072014
0.121943 0.066683
0.101906 0.060823
0.082514 0.054312
0.063817 0.047043
0.045853 0.038917
0.029121 0.030061
0.015534 0.021042
0.005661 0.012182
0.001362 0.005773
0.000178 0.001841
0.000379 -0.000161
0.001427 -0.001866
0.004561 -0.004160
0.015494 -0.008013
0.032911 -0.011833
0.053480 -0.015040
0.074550 -0.017683
0.095938 -0.019828
0.117638 -0.021572
0.139638 -0.023022
0.161861 -0.024279
0.184106 -0.025375
0.206357 -0.026310
0.228615 -0.027083
0.250877 -0.027697
0.273143 -0.028152
0.295412 -0.028447
0.317684 -0.028584
0.339957 -0.028563
0.362230 -0.028384
0.384502 -0.028049
0.406773 -0.027557
0.429041 -0.026909
0.451306 -0.026107
0.473567 -0.025149
0.495822 -0.024038
0.518063 -0.022772
0.540272 -0.021346
0.562445 -0.019750
0.584580 -0.017974
0.606674 -0.016007
0.628726 -0.013842
0.650732 -0.011467
0.672691 -0.008873
0.694604 -0.006050
0.716644 -0.002996
0.738929 0.000206
0.761180 0.003394
0.783185 0.006420
0.804964 0.009174
0.826540 0.011557
0.847930 0.013474
0.869126 0.014832
0.890044 0.015519
0.910649 0.015424
0.930915 0.014449
0.950826 0.012502
0.970039 0.009540
0.986354 0.005542
1.000056 0.000088
