1.00000 0.00126
0.99934 0.00140
0.99831 0.00161
0.99724 0.00183
0.99611 0.00206
0.99491 0.00231
0.99365 0.00257
0.99231 0.00284
0.99089 0.00313
0.98937 0.00344
0.98774 0.00378
0.98599 0.00413
0.98408 0.00452
0.98200 0.00494
0.97972 0.00540
0.97718 0.00591
0.97434 0.00648
0.97110 0.00712
0.96737 0.00786
0.96297 0.00873
0.95764 0.00978
0.95098 0.01107
0.94230 0.01274
0.93042 0.01499
0.91363 0.01811
0.89075 0.02224
0.86309 0.02706
0.83328 0.03204
0.80278 0.03691
0.77208 0.04158
0.74133 0.04603
0.71059 0.05024
0.67987 0.05422
0.64922 0.05794
0.61867 0.06141
0.58822 0.06462
0.55793 0.06755
0.52782 0.07019
0.49792 0.07254
0.46828 0.07457
0.43898 0.07627
0.41019 0.07763
0.38235 0.07860
0.35533 0.07912
0.32881 0.07920
0.30275 0.07883
0.27719 0.07801
0.25218 0.07673
0.22780 0.07500
0.20413 0.07281
0.18132 0.07018
0.15952 0.06715
0.13898 0.06375
0.12000 0.06008
0.10291 0.05628
0.08797 0.05250
0.07529 0.04888
0.06473 0.04554
0.05598 0.04249
0.04872 0.03973
0.04264 0.03723
0.03749 0.03494
0.03307 0.03284
0.02924 0.03089
0.02588 0.02907
0.02291 0.02735
0.02027 0.02572
0.01791 0.02417
0.01578 0.02268
0.01385 0.02124
0.01211 0.01985
0.01052 0.01849
0.00908 0.01717
0.00777 0.01587
0.00658 0.01459
0.00550 0.01333
0.00453 0.01209
0.00366 0.01086
0.00289 0.00965
0.00222 0.00844
0.00163 0.00724
0.00114 0.00605
0.00074 0.00488
0.00043 0.00371
0.00021 0.00257
0.00006 0.00144
0.00000 0.00034
0.00002 -0.00074
0.00011 -0.00185
0.00029 -0.00297
0.00056 -0.00410
0.00092 -0.00524
0.00138 -0.00638
0.00194 -0.00751
0.00261 -0.00864
0.00338 -0.00976
0.00424 -0.01086
0.00522 -0.01195
0.00630 -0.01303
0.00748 -0.01409
0.00878 -0.01515
0.01020 -0.01619
0.01175 -0.01724
0.01344 -0.01827
0.01528 -0.01931
0.01728 -0.02036
0.01948 -0.02141
0.02190 -0.02248
0.02457 -0.02356
0.02755 -0.02467
0.03087 -0.02580
0.03464 -0.02698
0.03894 -0.02819
0.04392 -0.02947
0.04976 -0.03081
0.05672 -0.03222
0.06516 -0.03371
0.07555 -0.03528
0.08842 -0.03689
0.10424 -0.03846
0.12324 -0.03990
0.14520 -0.04107
0.16967 -0.04189
0.19615 -0.04234
0.22424 -0.04243
0.25364 -0.04218
0.28415 -0.04164
0.31562 -0.04085
0.34787 -0.03987
0.38068 -0.03874
0.41337 -0.03751
0.44573 -0.03614
0.47828 -0.03460
0.51115 -0.03291
0.54433 -0.03109
0.57779 -0.02917
0.61147 -0.02717
0.64535 -0.02509
0.67939 -0.02295
0.71353 -0.02077
0.74775 -0.01855
0.78199 -0.01631
0.81612 -0.01405
0.84976 -0.01179
0.88143 -0.00964
0.90792 -0.00782
0.92702 -0.00649
0.94011 -0.00557
0.94943 -0.00491
0.95647 -0.00441
0.96203 -0.00401
0.96660 -0.00369
0.97045 -0.00341
0.97378 -0.00317
0.97670 -0.00296
0.97930 -0.00277
0.98164 -0.00260
0.98377 -0.00245
0.98571 -0.00231
0.98751 -0.00217
0.98917 -0.00205
0.99072 -0.00194
0.99217 -0.00184
0.99353 -0.00173
0.99482 -0.00164
0.99603 -0.00155
0.99719 -0.00147
0.99828 -0.00139
0.99933 -0.00131
1.00000 -0.00126
