# NACA0012M0
0.143875	0.051771
0.142164	0.051680
0.140454	0.051581
0.138745	0.051474
0.137036	0.051358
0.135328	0.051235
0.133621	0.051104
0.131915	0.050965
0.130209	0.050817
0.128504	0.050662
0.126800	0.050498
0.125096	0.050326
0.123393	0.050146
0.121691	0.049959
0.119990	0.049763
0.118289	0.049559
0.116588	0.049346
0.114889	0.049126
0.113189	0.048898
0.111491	0.048661
0.109793	0.048417
0.108095	0.048164
0.106398	0.047903
0.104702	0.047634
0.103006	0.047357
0.101311	0.047072
0.099616	0.046779
0.097906	0.046475
0.096157	0.046157
0.094409	0.045833
0.092663	0.045503
0.090919	0.045166
0.089176	0.044824
0.087435	0.044475
0.085696	0.044121
0.083959	0.043760
0.082223	0.043393
0.080489	0.043020
0.078757	0.042640
0.077026	0.042255
0.075297	0.041864
0.073570	0.041466
0.071844	0.041062
0.070120	0.040653
0.068397	0.040237
0.066676	0.039815
0.064957	0.039386
0.063239	0.038952
0.061523	0.038512
0.059809	0.038065
0.058096	0.037612
0.056385	0.037153
0.054675	0.036688
0.052968	0.036217
0.051353	0.035764
0.049749	0.035304
0.048148	0.034835
0.046548	0.034356
0.044951	0.033869
0.043357	0.033372
0.041765	0.032866
0.040175	0.032351
0.038587	0.031827
0.037001	0.031294
0.035418	0.030751
0.033837	0.030199
0.032305	0.029655
0.030891	0.029140
0.029482	0.028612
0.028079	0.028072
0.026683	0.027520
0.025292	0.026955
0.023907	0.026379
0.022527	0.025790
0.021153	0.025188
0.019785	0.024574
0.018422	0.023948
0.017064	0.023309
0.015712	0.022658
0.014365	0.021995
0.013023	0.021318
0.012146	0.020863
0.011653	0.020588
0.011173	0.020302
0.010705	0.020005
0.010248	0.019697
0.009801	0.019378
0.009363	0.019047
0.008933	0.018703
0.008512	0.018345
0.008098	0.017974
0.007690	0.017589
0.007289	0.017187
0.006894	0.016769
0.006499	0.016327
0.006056	0.015806
0.005613	0.015256
0.005186	0.014699
0.004775	0.014134
0.004380	0.013561
0.003999	0.012978
0.003633	0.012385
0.003281	0.011781
0.002942	0.011165
0.002617	0.010537
0.002306	0.009896
0.002007	0.009240
0.001722	0.008569
0.001452	0.007888
0.001230	0.007284
0.001037	0.006709
0.000863	0.006139
0.000707	0.005574
0.000569	0.005015
0.000448	0.004458
0.000343	0.003903
0.000255	0.003350
0.000181	0.002798
0.000124	0.002245
0.000081	0.001691
0.000054	0.001135
0.000042	0.000576
0.000045	0.000014
0.000064	-0.000554
0.000099	-0.001127
0.000150	-0.001707
0.000219	-0.002296
0.000305	-0.002893
0.000410	-0.003500
0.000530	-0.004096
0.000654	-0.004631
0.000788	-0.005145
0.000934	-0.005640
0.001090	-0.006120
0.001256	-0.006586
0.001433	-0.007038
0.001619	-0.007479
0.001816	-0.007908
0.002023	-0.008328
0.002241	-0.008739
0.002469	-0.009141
0.002708	-0.009536
0.002959	-0.009925
0.003222	-0.010308
0.003498	-0.010685
0.003787	-0.011058
0.004090	-0.011427
0.004408	-0.011792
0.004743	-0.012154
0.005095	-0.012514
0.005465	-0.012871
0.005856	-0.013227
0.006298	-0.013606
0.007156	-0.014317
0.008127	-0.015098
0.009102	-0.015860
0.010083	-0.016602
0.011068	-0.017325
0.012058	-0.018029
0.013054	-0.018714
0.014055	-0.019381
0.015062	-0.020030
0.016074	-0.020662
0.017093	-0.021276
0.018118	-0.021873
0.019150	-0.022453
0.020188	-0.023016
0.021234	-0.023563
0.022287	-0.024093
0.023348	-0.024608
0.024416	-0.025106
0.025493	-0.025588
0.026579	-0.026054
0.027673	-0.026505
0.028776	-0.026940
0.029889	-0.027359
0.031012	-0.027763
0.032145	-0.028151
0.033289	-0.028523
0.034443	-0.028880
0.035609	-0.029221
0.036786	-0.029547
0.037976	-0.029857
0.038963	-0.030098
0.039615	-0.030239
0.040264	-0.030362
0.040909	-0.030467
0.041553	-0.030555
0.042196	-0.030625
0.042839	-0.030678
0.043482	-0.030715
0.044128	-0.030734
0.044775	-0.030737
0.045427	-0.030723
0.046082	-0.030691
0.046743	-0.030642
0.047411	-0.030574
0.048077	-0.030490
0.048649	-0.030402
0.049177	-0.030306
0.049688	-0.030197
0.050185	-0.030077
0.050668	-0.029945
0.051140	-0.029801
0.051599	-0.029647
0.052049	-0.029481
0.052490	-0.029305
0.052923	-0.029117
0.053348	-0.028917
0.053767	-0.028706
0.054180	-0.028483
0.054589	-0.028247
0.054993	-0.027998
0.055393	-0.027735
0.055791	-0.027457
0.056186	-0.027164
0.056579	-0.026854
0.056971	-0.026526
0.057363	-0.026180
0.057798	-0.025771
0.058446	-0.025139
0.059089	-0.024484
0.059714	-0.023821
0.060321	-0.023148
0.060911	-0.022467
0.061485	-0.021775
0.062042	-0.021073
0.062584	-0.020361
0.063111	-0.019638
0.063622	-0.018902
0.064120	-0.018155
0.064603	-0.017395
0.065246	-0.016358
0.065996	-0.015177
0.066759	-0.014005
0.067534	-0.012841
0.068323	-0.011686
0.069125	-0.010539
0.069941	-0.009400
0.070770	-0.008269
0.071612	-0.007146
0.072506	-0.005982
0.073483	-0.004730
0.074469	-0.003487
0.075462	-0.002252
0.076464	-0.001027
0.077473	0.000190
0.078491	0.001398
0.079517	0.002597
0.080551	0.003788
0.081593	0.004971
0.082644	0.006144
0.083702	0.007310
0.084769	0.008467
0.085845	0.009615
0.086928	0.010755
0.088020	0.011887
0.089121	0.013011
0.090230	0.014126
0.091347	0.015234
0.092473	0.016333
0.093607	0.017424
0.094750	0.018507
0.095902	0.019581
0.097063	0.020648
0.098232	0.021707
0.099409	0.022758
0.100596	0.023800
0.101792	0.024835
0.102996	0.025862
0.104209	0.026881
0.105432	0.027893
0.106663	0.028896
0.107805	0.029813
0.108709	0.030519
0.109620	0.031209
0.110540	0.031881
0.111468	0.032536
0.112406	0.033175
0.113352	0.033798
0.114308	0.034405
0.115273	0.034996
0.116476	0.035704
0.118159	0.036687
0.119842	0.037670
0.121526	0.038654
0.123211	0.039637
0.124896	0.040622
0.126574	0.041602
0.128138	0.042513
0.129699	0.043416
0.131262	0.044313
0.132827	0.045206
0.134394	0.046094
0.135964	0.046977
0.137536	0.047855
0.139110	0.048728
0.140687	0.049596
0.142265	0.050459
0.143846	0.051317
